9.780000000000000000e+02 9.650000000000000000e+02
9.270000000000000000e+02 9.700000000000000000e+02
3.380000000000000000e+02 6.340000000000000000e+02
8.100000000000000000e+01 7.900000000000000000e+02
8.800000000000000000e+01 2.620000000000000000e+02
9.000000000000000000e+01 5.300000000000000000e+01
1.760000000000000000e+02 9.490000000000000000e+02
2.990000000000000000e+02 8.000000000000000000e+01
4.400000000000000000e+01 8.520000000000000000e+02
5.130000000000000000e+02 2.200000000000000000e+01
2.760000000000000000e+02 3.010000000000000000e+02
7.230000000000000000e+02 8.550000000000000000e+02
6.640000000000000000e+02 5.110000000000000000e+02
1.600000000000000000e+02 7.800000000000000000e+01
6.180000000000000000e+02 6.710000000000000000e+02
1.690000000000000000e+02 5.210000000000000000e+02
3.660000000000000000e+02 2.980000000000000000e+02
6.000000000000000000e+02 6.880000000000000000e+02
6.520000000000000000e+02 7.570000000000000000e+02
8.710000000000000000e+02 5.150000000000000000e+02
7.200000000000000000e+02 2.140000000000000000e+02
1.970000000000000000e+02 5.200000000000000000e+02
9.930000000000000000e+02 4.430000000000000000e+02
4.000000000000000000e+01 4.900000000000000000e+01
5.620000000000000000e+02 1.490000000000000000e+02
3.000000000000000000e+02 6.020000000000000000e+02
2.540000000000000000e+02 6.190000000000000000e+02
4.440000000000000000e+02 7.370000000000000000e+02
2.200000000000000000e+01 4.230000000000000000e+02
3.580000000000000000e+02 9.940000000000000000e+02
5.540000000000000000e+02 5.460000000000000000e+02
1.200000000000000000e+01 4.090000000000000000e+02
5.450000000000000000e+02 7.970000000000000000e+02
8.030000000000000000e+02 2.740000000000000000e+02
2.350000000000000000e+02 7.950000000000000000e+02
9.900000000000000000e+01 1.620000000000000000e+02
1.670000000000000000e+02 9.030000000000000000e+02
1.700000000000000000e+01 7.000000000000000000e+02
4.010000000000000000e+02 9.890000000000000000e+02
9.160000000000000000e+02 7.330000000000000000e+02
5.880000000000000000e+02 8.290000000000000000e+02
1.720000000000000000e+02 5.470000000000000000e+02
4.080000000000000000e+02 5.010000000000000000e+02
6.710000000000000000e+02 8.940000000000000000e+02
7.200000000000000000e+01 1.330000000000000000e+02
6.020000000000000000e+02 9.270000000000000000e+02
3.790000000000000000e+02 8.600000000000000000e+01
7.540000000000000000e+02 6.540000000000000000e+02
4.720000000000000000e+02 3.250000000000000000e+02
8.850000000000000000e+02 6.990000000000000000e+02
1.200000000000000000e+02 5.500000000000000000e+02
8.130000000000000000e+02 4.340000000000000000e+02
8.000000000000000000e+02 5.200000000000000000e+01
9.350000000000000000e+02 2.080000000000000000e+02
5.550000000000000000e+02 2.420000000000000000e+02
3.600000000000000000e+02 1.810000000000000000e+02
8.320000000000000000e+02 8.330000000000000000e+02
3.270000000000000000e+02 9.250000000000000000e+02
4.980000000000000000e+02 8.130000000000000000e+02
6.470000000000000000e+02 6.970000000000000000e+02
4.500000000000000000e+01 8.670000000000000000e+02
4.420000000000000000e+02 1.810000000000000000e+02
5.370000000000000000e+02 7.590000000000000000e+02
3.620000000000000000e+02 6.640000000000000000e+02
4.260000000000000000e+02 8.780000000000000000e+02
6.030000000000000000e+02 8.900000000000000000e+02
2.330000000000000000e+02 8.950000000000000000e+02
3.400000000000000000e+02 8.220000000000000000e+02
6.600000000000000000e+01 8.130000000000000000e+02
3.450000000000000000e+02 5.310000000000000000e+02
8.630000000000000000e+02 8.200000000000000000e+02
4.980000000000000000e+02 3.110000000000000000e+02
2.080000000000000000e+02 7.660000000000000000e+02
5.620000000000000000e+02 2.290000000000000000e+02
5.300000000000000000e+02 5.910000000000000000e+02
5.990000000000000000e+02 1.500000000000000000e+02
8.000000000000000000e+02 5.530000000000000000e+02
7.400000000000000000e+01 6.420000000000000000e+02
4.400000000000000000e+02 8.410000000000000000e+02
6.340000000000000000e+02 3.900000000000000000e+01
9.320000000000000000e+02 6.900000000000000000e+02
9.060000000000000000e+02 9.800000000000000000e+01
8.500000000000000000e+02 3.300000000000000000e+01
3.820000000000000000e+02 1.890000000000000000e+02
5.900000000000000000e+02 7.000000000000000000e+00
4.300000000000000000e+02 5.080000000000000000e+02
6.470000000000000000e+02 5.540000000000000000e+02
2.040000000000000000e+02 6.990000000000000000e+02
7.380000000000000000e+02 7.840000000000000000e+02
9.730000000000000000e+02 2.450000000000000000e+02
3.500000000000000000e+02 6.270000000000000000e+02
8.360000000000000000e+02 6.290000000000000000e+02
7.270000000000000000e+02 5.740000000000000000e+02
4.890000000000000000e+02 3.370000000000000000e+02
2.600000000000000000e+01 6.000000000000000000e+02
4.130000000000000000e+02 8.880000000000000000e+02
7.590000000000000000e+02 3.960000000000000000e+02
3.500000000000000000e+01 4.010000000000000000e+02
3.510000000000000000e+02 4.670000000000000000e+02
4.830000000000000000e+02 1.500000000000000000e+02
4.160000000000000000e+02 7.980000000000000000e+02
7.810000000000000000e+02 8.190000000000000000e+02
8.180000000000000000e+02 7.180000000000000000e+02
7.870000000000000000e+02 3.070000000000000000e+02
1.330000000000000000e+02 3.570000000000000000e+02
8.760000000000000000e+02 3.300000000000000000e+02
9.930000000000000000e+02 4.830000000000000000e+02
2.620000000000000000e+02 3.320000000000000000e+02
8.000000000000000000e+00 5.400000000000000000e+02
7.270000000000000000e+02 2.430000000000000000e+02
2.360000000000000000e+02 4.320000000000000000e+02
7.370000000000000000e+02 7.140000000000000000e+02
7.670000000000000000e+02 3.610000000000000000e+02
1.850000000000000000e+02 4.460000000000000000e+02
9.110000000000000000e+02 7.510000000000000000e+02
1.910000000000000000e+02 7.500000000000000000e+01
7.890000000000000000e+02 5.890000000000000000e+02
1.380000000000000000e+02 8.030000000000000000e+02
3.670000000000000000e+02 2.570000000000000000e+02
7.980000000000000000e+02 4.980000000000000000e+02
7.210000000000000000e+02 2.950000000000000000e+02
8.090000000000000000e+02 3.450000000000000000e+02
9.600000000000000000e+01 2.320000000000000000e+02
1.040000000000000000e+02 3.090000000000000000e+02
9.980000000000000000e+02 2.030000000000000000e+02
4.030000000000000000e+02 7.620000000000000000e+02
6.820000000000000000e+02 5.890000000000000000e+02
6.270000000000000000e+02 9.140000000000000000e+02
9.100000000000000000e+02 4.370000000000000000e+02
2.900000000000000000e+02 6.100000000000000000e+01
6.930000000000000000e+02 2.730000000000000000e+02
6.590000000000000000e+02 3.500000000000000000e+01
4.600000000000000000e+01 2.800000000000000000e+02
3.720000000000000000e+02 3.100000000000000000e+01
6.810000000000000000e+02 2.180000000000000000e+02
4.460000000000000000e+02 1.480000000000000000e+02
7.600000000000000000e+02 7.530000000000000000e+02
2.710000000000000000e+02 6.220000000000000000e+02
7.240000000000000000e+02 5.560000000000000000e+02
7.000000000000000000e+00 3.410000000000000000e+02
7.890000000000000000e+02 8.060000000000000000e+02
7.720000000000000000e+02 2.660000000000000000e+02
8.300000000000000000e+02 4.480000000000000000e+02
4.390000000000000000e+02 1.150000000000000000e+02
6.980000000000000000e+02 4.150000000000000000e+02
5.360000000000000000e+02 7.410000000000000000e+02
8.860000000000000000e+02 4.300000000000000000e+02
8.640000000000000000e+02 5.000000000000000000e+00
7.610000000000000000e+02 4.850000000000000000e+02
1.430000000000000000e+02 5.700000000000000000e+02
1.020000000000000000e+02 4.150000000000000000e+02
3.220000000000000000e+02 9.570000000000000000e+02
8.780000000000000000e+02 8.160000000000000000e+02
4.070000000000000000e+02 6.190000000000000000e+02
8.440000000000000000e+02 1.500000000000000000e+01
3.500000000000000000e+02 3.310000000000000000e+02
7.970000000000000000e+02 1.270000000000000000e+02
2.340000000000000000e+02 7.660000000000000000e+02
8.360000000000000000e+02 4.960000000000000000e+02
7.050000000000000000e+02 2.800000000000000000e+01
3.550000000000000000e+02 6.180000000000000000e+02
4.130000000000000000e+02 1.240000000000000000e+02
8.320000000000000000e+02 7.660000000000000000e+02
5.340000000000000000e+02 9.200000000000000000e+01
1.910000000000000000e+02 2.540000000000000000e+02
2.630000000000000000e+02 9.250000000000000000e+02
5.960000000000000000e+02 7.020000000000000000e+02
4.280000000000000000e+02 4.750000000000000000e+02
5.830000000000000000e+02 6.910000000000000000e+02
7.510000000000000000e+02 6.770000000000000000e+02
2.300000000000000000e+01 3.100000000000000000e+01
9.140000000000000000e+02 6.900000000000000000e+02
3.970000000000000000e+02 4.620000000000000000e+02
3.280000000000000000e+02 7.400000000000000000e+01
2.560000000000000000e+02 6.420000000000000000e+02
9.610000000000000000e+02 9.040000000000000000e+02
4.750000000000000000e+02 5.830000000000000000e+02
8.020000000000000000e+02 4.550000000000000000e+02
3.950000000000000000e+02 6.320000000000000000e+02
8.870000000000000000e+02 7.040000000000000000e+02
6.670000000000000000e+02 4.280000000000000000e+02
8.050000000000000000e+02 6.100000000000000000e+02
1.110000000000000000e+02 4.670000000000000000e+02
9.690000000000000000e+02 8.150000000000000000e+02
4.300000000000000000e+01 6.300000000000000000e+02
8.700000000000000000e+01 8.820000000000000000e+02
9.560000000000000000e+02 8.440000000000000000e+02
8.280000000000000000e+02 8.960000000000000000e+02
7.440000000000000000e+02 6.890000000000000000e+02
4.190000000000000000e+02 3.690000000000000000e+02
2.520000000000000000e+02 1.280000000000000000e+02
6.780000000000000000e+02 4.180000000000000000e+02
1.650000000000000000e+02 2.100000000000000000e+02
7.230000000000000000e+02 2.800000000000000000e+01
6.000000000000000000e+01 9.250000000000000000e+02
3.280000000000000000e+02 7.410000000000000000e+02
7.850000000000000000e+02 5.910000000000000000e+02
2.700000000000000000e+01 7.000000000000000000e+00
6.300000000000000000e+01 3.830000000000000000e+02
5.070000000000000000e+02 6.000000000000000000e+02
